dataset:
  path: ../../input/ai-hackaton

model:
  fold: 5
  verbose: 100

params:
  n_estimators: 10000
  max_depth: 8
  min_child_weight: 3
  gamma: 0.1257072555186611
  subsample: 0.5904938061995494
  colsample_bytree: 0.40553660142667064
  learning_rate: 0.029471899938397533
  n_jobs: -1
  reg_alpha: 0.000021790982753738414
  reg_lambda: 0.08978089573944274
  random_state: 42